Model: "sequential"
_________________________________________________________________
 Layer (type)                Output Shape              Param #   
=================================================================
 Hidden_Layer_1 (Dense)      (None, 16)                70416     
                                                                 
 Output_Layer (Dense)        (None, 10)                170       
                                                                 
=================================================================
Total params: 70586 (275.73 KB)
Trainable params: 70586 (275.73 KB)
Non-trainable params: 0 (0.00 Byte)
_________________________________________________________________

Test Accuracy: 93.94%

[[1993,    2,    0,    3,    0,    0,    0,    0,    2,    0],
       [   3, 1970,   11,    0,    0,    0,    0,    0,    0,   16],
       [   1,  108, 1881,    2,    0,    0,    0,    0,    0,    8],
       [  21,    0,    1, 1918,   37,   16,    0,    7,    0,    0],
       [  27,    1,    0,   33, 1903,   33,    1,    0,    2,    0],
       [  18,    0,    0,   55,   24, 1845,   56,    1,    1,    0],
       [  21,    0,    0,   11,    2,   96, 1751,  117,    2,    0],
       [  27,    0,    0,   14,    3,   22,  279, 1649,    6,    0],
       [  24,    0,    0,    2,   16,   14,   10,   10, 1924,    0],
       [   3,   16,   27,    1,    0,    0,    0,    0,    0, 1953]]